     0.0000000     1.0000000     0.0000000     0.0000000     0.0000000     0.0000000     0.0000000     0.0000000     1.0000000
     1.0000000     0.9997132     0.0002728     0.0000011     0.0000012     0.0000016     0.0000067     0.0000035     1.0000536
     2.0000000     0.9988535     0.0010903     0.0000043     0.0000049     0.0000064     0.0000266     0.0000139     1.0001098
     3.0000000     0.9974235     0.0024501     0.0000099     0.0000111     0.0000144     0.0000598     0.0000312     1.0001683
     4.0000000     0.9954270     0.0043484     0.0000178     0.0000199     0.0000256     0.0001060     0.0000553     1.0002291
     5.0000000     0.9928692     0.0067799     0.0000284     0.0000312     0.0000402     0.0001651     0.0000860     1.0002923
     6.0000000     0.9897569     0.0097378     0.0000419     0.0000450     0.0000581     0.0002369     0.0001233     1.0003581
     7.0000000     0.9860980     0.0132142     0.0000586     0.0000616     0.0000795     0.0003211     0.0001669     1.0004271
     8.0000000     0.9819021     0.0171997     0.0000790     0.0000809     0.0001044     0.0004174     0.0002166     1.0004995
     9.0000000     0.9771800     0.0216833     0.0001033     0.0001030     0.0001329     0.0005254     0.0002721     1.0005759
    10.0000000     0.9719438     0.0266530     0.0001321     0.0001280     0.0001652     0.0006446     0.0003333     1.0006568
    11.0000000     0.9662070     0.0320955     0.0001659     0.0001560     0.0002013     0.0007747     0.0003997     1.0007424
    12.0000000     0.9599843     0.0379960     0.0002052     0.0001871     0.0002414     0.0009150     0.0004711     1.0008333
    13.0000000     0.9532917     0.0443386     0.0002505     0.0002213     0.0002857     0.0010651     0.0005471     1.0009295
    14.0000000     0.9461463     0.0511063     0.0003026     0.0002589     0.0003342     0.0012243     0.0006274     1.0010311
    15.0000000     0.9385666     0.0582809     0.0003619     0.0002999     0.0003871     0.0013920     0.0007116     1.0011379
    16.0000000     0.9305718     0.0658431     0.0004292     0.0003444     0.0004446     0.0015676     0.0007994     1.0012498
    17.0000000     0.9221824     0.0737726     0.0005050     0.0003925     0.0005069     0.0017503     0.0008904     1.0013661
    18.0000000     0.9134198     0.0820483     0.0005899     0.0004444     0.0005740     0.0019395     0.0009841     1.0014863
    19.0000000     0.9043063     0.0906481     0.0006847     0.0005001     0.0006463     0.0021343     0.0010802     1.0016094
    20.0000000     0.8948647     0.0995494     0.0007899     0.0005598     0.0007237     0.0023341     0.0011784     1.0017345
    21.0000000     0.8851188     0.1087287     0.0009062     0.0006236     0.0008065     0.0025380     0.0012782     1.0018604
    22.0000000     0.8750928     0.1181621     0.0010341     0.0006915     0.0008949     0.0027454     0.0013792     1.0019860
    23.0000000     0.8648113     0.1278255     0.0011743     0.0007637     0.0009889     0.0029553     0.0014811     1.0021098
    24.0000000     0.8542993     0.1376941     0.0013271     0.0008402     0.0010887     0.0031671     0.0015834     1.0022308
    25.0000000     0.8435820     0.1477432     0.0014932     0.0009212     0.0011945     0.0033800     0.0016859     1.0023475
    26.0000000     0.8326848     0.1579479     0.0016731     0.0010066     0.0013063     0.0035931     0.0017882     1.0024588
    27.0000000     0.8216330     0.1682834     0.0018670     0.0010966     0.0014242     0.0038059     0.0018899     1.0025634
    28.0000000     0.8104520     0.1787249     0.0020754     0.0011912     0.0015484     0.0040174     0.0019906     1.0026604
    29.0000000     0.7991669     0.1892479     0.0022986     0.0012905     0.0016790     0.0042271     0.0020902     1.0027488
    30.0000000     0.7878025     0.1998281     0.0025368     0.0013943     0.0018158     0.0044342     0.0021882     1.0028276
    31.0000000     0.7763833     0.2104419     0.0027902     0.0015029     0.0019591     0.0046381     0.0022844     1.0028963
    32.0000000     0.7649336     0.2210657     0.0030590     0.0016161     0.0021088     0.0048382     0.0023786     1.0029541
    33.0000000     0.7534768     0.2316768     0.0033432     0.0017340     0.0022649     0.0050339     0.0024704     1.0030007
    34.0000000     0.7420362     0.2422528     0.0036428     0.0018565     0.0024274     0.0052245     0.0025597     1.0030356
    35.0000000     0.7306343     0.2527720     0.0039578     0.0019836     0.0025963     0.0054096     0.0026463     1.0030587
    36.0000000     0.7192930     0.2632136     0.0042880     0.0021152     0.0027714     0.0055887     0.0027301     1.0030699
    37.0000000     0.7080336     0.2735570     0.0046333     0.0022512     0.0029528     0.0057613     0.0028108     1.0030693
    38.0000000     0.6968765     0.2837828     0.0049933     0.0023916     0.0031403     0.0059270     0.0028884     1.0030568
    39.0000000     0.6858417     0.2938720     0.0053679     0.0025362     0.0033339     0.0060855     0.0029627     1.0030328
    40.0000000     0.6749483     0.3038065     0.0057567     0.0026849     0.0035334     0.0062363     0.0030338     1.0029974
    41.0000000     0.6642148     0.3135689     0.0061592     0.0028376     0.0037386     0.0063792     0.0031017     1.0029510
    42.0000000     0.6536586     0.3231427     0.0065751     0.0029940     0.0039495     0.0065139     0.0031662     1.0028936
    43.0000000     0.6432966     0.3325119     0.0070038     0.0031540     0.0041659     0.0066403     0.0032275     1.0028254
    44.0000000     0.6331449     0.3416616     0.0074449     0.0033174     0.0043876     0.0067581     0.0032856     1.0027462
    45.0000000     0.6232185     0.3505776     0.0078977     0.0034839     0.0046143     0.0068673     0.0033406     1.0026559
    46.0000000     0.6135317     0.3592468     0.0083618     0.0036533     0.0048461     0.0069677     0.0033926     1.0025540
    47.0000000     0.6040979     0.3676567     0.0088364     0.0038253     0.0050825     0.0070594     0.0034417     1.0024396
    48.0000000     0.5949294     0.3757958     0.0093211     0.0039996     0.0053235     0.0071424     0.0034881     1.0023118
    49.0000000     0.5860377     0.3836537     0.0098151     0.0041760     0.0055689     0.0072168     0.0035319     1.0021693
    50.0000000     0.5774331     0.3912208     0.0103177     0.0043540     0.0058184     0.0072826     0.0035734     1.0020105
    51.0000000     0.5691251     0.3984887     0.0108284     0.0045334     0.0060718     0.0073400     0.0036127     1.0018337
    52.0000000     0.5611219     0.4054496     0.0113465     0.0047139     0.0063289     0.0073892     0.0036500     1.0016369
    53.0000000     0.5534311     0.4120971     0.0118712     0.0048950     0.0065894     0.0074306     0.0036856     1.0014180
    54.0000000     0.5460588     0.4184256     0.0124019     0.0050764     0.0068533     0.0074643     0.0037196     1.0011750
    55.0000000     0.5390106     0.4244304     0.0129379     0.0052578     0.0071201     0.0074907     0.0037524     1.0009058
    56.0000000     0.5322907     0.4301077     0.0134786     0.0054389     0.0073898     0.0075102     0.0037842     1.0006084
    57.0000000     0.5259026     0.4354547     0.0140233     0.0056191     0.0076620     0.0075231     0.0038151     1.0002812
    58.0000000     0.5198490     0.4404695     0.0145712     0.0057983     0.0079365     0.0075299     0.0038455     0.9999226
    59.0000000     0.5141316     0.4451508     0.0151218     0.0059761     0.0082131     0.0075311     0.0038756     0.9995314
    60.0000000     0.5087513     0.4494983     0.0156743     0.0061521     0.0084914     0.0075270     0.0039056     0.9991070
    61.0000000     0.5037082     0.4535123     0.0162282     0.0063261     0.0087713     0.0075182     0.0039358     0.9986489
    62.0000000     0.4990018     0.4571939     0.0167828     0.0064977     0.0090524     0.0075052     0.0039663     0.9981574
    63.0000000     0.4946307     0.4605450     0.0173374     0.0066667     0.0093343     0.0074884     0.0039974     0.9976329
    64.0000000     0.4905931     0.4635680     0.0178914     0.0068328     0.0096168     0.0074685     0.0040294     0.9970766
    65.0000000     0.4868862     0.4662658     0.0184443     0.0069958     0.0098996     0.0074459     0.0040624     0.9964900
    66.0000000     0.4835068     0.4686422     0.0189953     0.0071555     0.0101823     0.0074212     0.0040967     0.9958748
    67.0000000     0.4804513     0.4707013     0.0195440     0.0073117     0.0104645     0.0073948     0.0041324     0.9952334
    68.0000000     0.4777153     0.4724479     0.0200897     0.0074642     0.0107458     0.0073674     0.0041697     0.9945681
    69.0000000     0.4752939     0.4738870     0.0206319     0.0076128     0.0110260     0.0073395     0.0042089     0.9938816
    70.0000000     0.4731821     0.4750243     0.0211699     0.0077576     0.0113046     0.0073116     0.0042500     0.9931767
    71.0000000     0.4713740     0.4758657     0.0217033     0.0078982     0.0115812     0.0072843     0.0042933     0.9924563
    72.0000000     0.4698636     0.4764176     0.0222316     0.0080348     0.0118555     0.0072580     0.0043389     0.9917231
    73.0000000     0.4686445     0.4766867     0.0227542     0.0081671     0.0121272     0.0072333     0.0043870     0.9909797
    74.0000000     0.4677100     0.4766800     0.0232707     0.0082953     0.0123958     0.0072106     0.0044377     0.9902288
    75.0000000     0.4670527     0.4764046     0.0237808     0.0084192     0.0126610     0.0071906     0.0044911     0.9894725
    76.0000000     0.4666654     0.4758682     0.0242840     0.0085389     0.0129226     0.0071737     0.0045473     0.9887130
    77.0000000     0.4665403     0.4750785     0.0247800     0.0086545     0.0131801     0.0071602     0.0046064     0.9879522
    78.0000000     0.4666692     0.4740436     0.0252685     0.0087659     0.0134334     0.0071508     0.0046685     0.9871916
    79.0000000     0.4670438     0.4727718     0.0257494     0.0088733     0.0136821     0.0071459     0.0047336     0.9864328
    80.0000000     0.4676555     0.4712716     0.0262223     0.0089768     0.0139260     0.0071457     0.0048019     0.9856770
    81.0000000     0.4684954     0.4695519     0.0266872     0.0090764     0.0141649     0.0071509     0.0048734     0.9849253
    82.0000000     0.4695541     0.4676216     0.0271439     0.0091724     0.0143984     0.0071616     0.0049480     0.9841789
    83.0000000     0.4708223     0.4654899     0.0275923     0.0092649     0.0146265     0.0071783     0.0050258     0.9834387
    84.0000000     0.4722903     0.4631663     0.0280325     0.0093541     0.0148488     0.0072012     0.0051068     0.9827055
    85.0000000     0.4739484     0.4606603     0.0284644     0.0094402     0.0150652     0.0072306     0.0051910     0.9819803
    86.0000000     0.4757864     0.4579815     0.0288879     0.0095235     0.0152755     0.0072669     0.0052782     0.9812639
    87.0000000     0.4777943     0.4551399     0.0293032     0.0096042     0.0154796     0.0073102     0.0053686     0.9805570
    88.0000000     0.4799620     0.4521453     0.0297103     0.0096827     0.0156772     0.0073606     0.0054619     0.9798604
    89.0000000     0.4822792     0.4490077     0.0301092     0.0097592     0.0158683     0.0074184     0.0055582     0.9791747
    90.0000000     0.4847356     0.4457369     0.0304999     0.0098340     0.0160527     0.0074837     0.0056572     0.9785003
    91.0000000     0.4873209     0.4423430     0.0308826     0.0099076     0.0162303     0.0075565     0.0057590     0.9778378
    92.0000000     0.4900249     0.4388361     0.0312574     0.0099802     0.0164010     0.0076369     0.0058634     0.9771875
    93.0000000     0.4928374     0.4352260     0.0316242     0.0100523     0.0165648     0.0077250     0.0059703     0.9765496
    94.0000000     0.4957482     0.4315227     0.0319832     0.0101241     0.0167215     0.0078207     0.0060796     0.9759243
    95.0000000     0.4987471     0.4277360     0.0323344     0.0101962     0.0168713     0.0079240     0.0061910     0.9753117
    96.0000000     0.5018242     0.4238759     0.0326779     0.0102687     0.0170139     0.0080348     0.0063046     0.9747118
    97.0000000     0.5049695     0.4199520     0.0330137     0.0103421     0.0171496     0.0081530     0.0064201     0.9741248
    98.0000000     0.5081731     0.4159739     0.0333420     0.0104168     0.0172783     0.0082785     0.0065373     0.9735505
    99.0000000     0.5114253     0.4119512     0.0336628     0.0104931     0.0174001     0.0084112     0.0066563     0.9729891
   100.0000000     0.5147167     0.4078931     0.0339763     0.0105713     0.0175151     0.0085508     0.0067767     0.9724405
   101.0000000     0.5180379     0.4038087     0.0342825     0.0106519     0.0176234     0.0086971     0.0068985     0.9719048
   102.0000000     0.5213799     0.3997069     0.0345816     0.0107350     0.0177251     0.0088500     0.0070216     0.9713822
   103.0000000     0.5247338     0.3955962     0.0348738     0.0108209     0.0178205     0.0090091     0.0071457     0.9708726
   104.0000000     0.5280911     0.3914850     0.0351591     0.0109101     0.0179096     0.0091742     0.0072708     0.9703761
   105.0000000     0.5314436     0.3873811     0.0354379     0.0110027     0.0179929     0.0093450     0.0073968     0.9698929
   106.0000000     0.5347834     0.3832922     0.0357104     0.0110989     0.0180704     0.0095212     0.0075235     0.9694229
   107.0000000     0.5381031     0.3792254     0.0359767     0.0111991     0.0181424     0.0097024     0.0076508     0.9689662
   108.0000000     0.5413955     0.3751876     0.0362371     0.0113034     0.0182093     0.0098884     0.0077787     0.9685227
   109.0000000     0.5446536     0.3711854     0.0364920     0.0114119     0.0182713     0.0100789     0.0079069     0.9680923
   110.0000000     0.5478710     0.3672248     0.0367417     0.0115250     0.0183287     0.0102733     0.0080354     0.9676751
   111.0000000     0.5510415     0.3633119     0.0369864     0.0116426     0.0183819     0.0104715     0.0081642     0.9672708
   112.0000000     0.5541590     0.3594521     0.0372265     0.0117650     0.0184312     0.0106731     0.0082931     0.9668792
   113.0000000     0.5572180     0.3556510     0.0374622     0.0118922     0.0184769     0.0108776     0.0084221     0.9665004
   114.0000000     0.5602128     0.3519135     0.0376939     0.0120244     0.0185195     0.0110849     0.0085511     0.9661342
   115.0000000     0.5631383     0.3482447     0.0379219     0.0121615     0.0185592     0.0112944     0.0086800     0.9657805
   116.0000000     0.5659895     0.3446494     0.0381465     0.0123037     0.0185965     0.0115058     0.0088088     0.9654395
   117.0000000     0.5687614     0.3411321     0.0383678     0.0124509     0.0186317     0.0117188     0.0089373     0.9651114
   118.0000000     0.5714495     0.3376973     0.0385861     0.0126032     0.0186652     0.0119330     0.0090657     0.9647964
   119.0000000     0.5740493     0.3343493     0.0388016     0.0127606     0.0186974     0.0121480     0.0091937     0.9644951
   120.0000000     0.5765568     0.3310922     0.0390144     0.0129230     0.0187287     0.0123635     0.0093214     0.9642080
   121.0000000     0.5789678     0.3279299     0.0392248     0.0130904     0.0187594     0.0125790     0.0094488     0.9639359
   122.0000000     0.5812788     0.3248660     0.0394327     0.0132627     0.0187899     0.0127942     0.0095756     0.9636796
   123.0000000     0.5834862     0.3219041     0.0396385     0.0134399     0.0188206     0.0130087     0.0097021     0.9634398
   124.0000000     0.5855870     0.3190473     0.0398420     0.0136218     0.0188518     0.0132222     0.0098280     0.9632175
   125.0000000     0.5875782     0.3162986     0.0400435     0.0138083     0.0188839     0.0134342     0.0099533     0.9630135
   126.0000000     0.5894573     0.3136607     0.0402430     0.0139993     0.0189173     0.0136443     0.0100781     0.9628285
   127.0000000     0.5912221     0.3111359     0.0404406     0.0141946     0.0189524     0.0138522     0.0102022     0.9626631
   128.0000000     0.5928705     0.3087264     0.0406364     0.0143941     0.0189893     0.0140576     0.0103258     0.9625178
   129.0000000     0.5944010     0.3064338     0.0408304     0.0145975     0.0190286     0.0142601     0.0104486     0.9623926
   130.0000000     0.5958122     0.3042596     0.0410228     0.0148047     0.0190705     0.0144594     0.0105708     0.9622877
   131.0000000     0.5971032     0.3022048     0.0412136     0.0150155     0.0191154     0.0146552     0.0106923     0.9622029
   132.0000000     0.5982733     0.3002703     0.0414029     0.0152296     0.0191636     0.0148472     0.0108131     0.9621376
   133.0000000     0.5993220     0.2984566     0.0415908     0.0154468     0.0192154     0.0150351     0.0109333     0.9620914
   134.0000000     0.6002493     0.2967638     0.0417772     0.0156670     0.0192712     0.0152188     0.0110528     0.9620637
   135.0000000     0.6010552     0.2951918     0.0419624     0.0158898     0.0193311     0.0153980     0.0111717     0.9620536
   136.0000000     0.6017403     0.2937402     0.0421463     0.0161150     0.0193956     0.0155726     0.0112900     0.9620604
   137.0000000     0.6023052     0.2924085     0.0423290     0.0163424     0.0194648     0.0157423     0.0114077     0.9620834
   138.0000000     0.6027509     0.2911956     0.0425106     0.0165718     0.0195389     0.0159072     0.0115250     0.9621218
   139.0000000     0.6030786     0.2901005     0.0426910     0.0168028     0.0196183     0.0160670     0.0116418     0.9621750
   140.0000000     0.6032897     0.2891218     0.0428703     0.0170353     0.0197029     0.0162217     0.0117582     0.9622425
   141.0000000     0.6033858     0.2882579     0.0430487     0.0172691     0.0197931     0.0163712     0.0118742     0.9623238
   142.0000000     0.6033690     0.2875070     0.0432260     0.0175038     0.0198889     0.0165155     0.0119898     0.9624184
   143.0000000     0.6032412     0.2868669     0.0434025     0.0177392     0.0199905     0.0166546     0.0121052     0.9625260
   144.0000000     0.6030050     0.2863353     0.0435781     0.0179752     0.0200977     0.0167884     0.0122203     0.9626462
   145.0000000     0.6026628     0.2859098     0.0437529     0.0182115     0.0202108     0.0169169     0.0123352     0.9627784
   146.0000000     0.6022175     0.2855877     0.0439270     0.0184480     0.0203296     0.0170403     0.0124499     0.9629223
   147.0000000     0.6016720     0.2853660     0.0441004     0.0186844     0.0204542     0.0171585     0.0125645     0.9630770
   148.0000000     0.6010293     0.2852416     0.0442734     0.0189207     0.0205846     0.0172716     0.0126788     0.9632416
   149.0000000     0.6002928     0.2852113     0.0444459     0.0191567     0.0207206     0.0173796     0.0127931     0.9634152
   150.0000000     0.5994657     0.2852718     0.0446181     0.0193923     0.0208622     0.0174827     0.0129072     0.9635966
   151.0000000     0.5985515     0.2854195     0.0447901     0.0196273     0.0210094     0.0175809     0.0130212     0.9637844
   152.0000000     0.5975537     0.2856509     0.0449622     0.0198617     0.0211620     0.0176743     0.0131352     0.9639772
   153.0000000     0.5964759     0.2859623     0.0451344     0.0200955     0.0213199     0.0177630     0.0132491     0.9641735
   154.0000000     0.5953215     0.2863503     0.0453068     0.0203284     0.0214830     0.0178471     0.0133629     0.9643718
   155.0000000     0.5940941     0.2868111     0.0454798     0.0205604     0.0216512     0.0179267     0.0134767     0.9645707
   156.0000000     0.5927974     0.2873411     0.0456533     0.0207916     0.0218243     0.0180018     0.0135905     0.9647690
   157.0000000     0.5914347     0.2879368     0.0458276     0.0210217     0.0220023     0.0180726     0.0137042     0.9649656
   158.0000000     0.5900097     0.2885945     0.0460028     0.0212508     0.0221849     0.0181392     0.0138180     0.9651594
   159.0000000     0.5885257     0.2893110     0.0461791     0.0214788     0.0223720     0.0182017     0.0139318     0.9653496
   160.0000000     0.5869862     0.2900827     0.0463565     0.0217055     0.0225635     0.0182601     0.0140456     0.9655358
   161.0000000     0.5853945     0.2909062     0.0465351     0.0219310     0.0227591     0.0183146     0.0141595     0.9657173
   162.0000000     0.5837539     0.2917784     0.0467152     0.0221551     0.0229586     0.0183653     0.0142735     0.9658939
   163.0000000     0.5820676     0.2926960     0.0468966     0.0223779     0.0231619     0.0184123     0.0143876     0.9660652
   164.0000000     0.5803387     0.2936559     0.0470796     0.0225992     0.0233689     0.0184559     0.0145019     0.9662310
   165.0000000     0.5785703     0.2946550     0.0472640     0.0228191     0.0235792     0.0184960     0.0146163     0.9663911
   166.0000000     0.5767653     0.2956904     0.0474501     0.0230374     0.0237928     0.0185330     0.0147310     0.9665452
   167.0000000     0.5749267     0.2967592     0.0476378     0.0232542     0.0240094     0.0185669     0.0148459     0.9666929
   168.0000000     0.5730572     0.2978586     0.0478270     0.0234694     0.0242289     0.0185980     0.0149611     0.9668339
   169.0000000     0.5711595     0.2989857     0.0480178     0.0236830     0.0244510     0.0186264     0.0150766     0.9669679
   170.0000000     0.5692363     0.3001379     0.0482103     0.0238950     0.0246757     0.0186525     0.0151925     0.9670944
   171.0000000     0.5672902     0.3013125     0.0484042     0.0241053     0.0249026     0.0186763     0.0153088     0.9672130
   172.0000000     0.5653239     0.3025069     0.0485998     0.0243141     0.0251317     0.0186981     0.0154255     0.9673234
   173.0000000     0.5633401     0.3037183     0.0487968     0.0245213     0.0253628     0.0187181     0.0155426     0.9674251
   174.0000000     0.5613414     0.3049440     0.0489953     0.0247269     0.0255955     0.0187365     0.0156603     0.9675179
   175.0000000     0.5593306     0.3061812     0.0491953     0.0249310     0.0258299     0.0187536     0.0157784     0.9676015
   176.0000000     0.5573105     0.3074272     0.0493967     0.0251335     0.0260655     0.0187696     0.0158970     0.9676758
   177.0000000     0.5552841     0.3086790     0.0495994     0.0253345     0.0263023     0.0187846     0.0160160     0.9677408
   178.0000000     0.5532543     0.3099337     0.0498035     0.0255340     0.0265400     0.0187989     0.0161356     0.9677967
   179.0000000     0.5512242     0.3111884     0.0500088     0.0257320     0.0267784     0.0188126     0.0162555     0.9678437
   180.0000000     0.5491970     0.3124399     0.0502154     0.0259286     0.0270172     0.0188260     0.0163759     0.9678822
   181.0000000     0.5471758     0.3136853     0.0504232     0.0261237     0.0272561     0.0188393     0.0164966     0.9679126
   182.0000000     0.5451637     0.3149215     0.0506322     0.0263174     0.0274950     0.0188526     0.0166176     0.9679355
   183.0000000     0.5431640     0.3161456     0.0508422     0.0265097     0.0277335     0.0188661     0.0167389     0.9679516
   184.0000000     0.5411797     0.3173547     0.0510534     0.0267006     0.0279714     0.0188799     0.0168604     0.9679616
   185.0000000     0.5392137     0.3185459     0.0512656     0.0268900     0.0282084     0.0188943     0.0169820     0.9679662
   186.0000000     0.5372688     0.3197168     0.0514787     0.0270781     0.0284444     0.0189094     0.0171037     0.9679661
   187.0000000     0.5353477     0.3208647     0.0516928     0.0272649     0.0286790     0.0189253     0.0172255     0.9679618
   188.0000000     0.5334529     0.3219875     0.0519078     0.0274503     0.0289120     0.0189421     0.0173473     0.9679541
   189.0000000     0.5315865     0.3230830     0.0521236     0.0276344     0.0291432     0.0189601     0.0174691     0.9679436
   190.0000000     0.5297506     0.3241493     0.0523402     0.0278173     0.0293725     0.0189792     0.0175909     0.9679306
   191.0000000     0.5279468     0.3251849     0.0525575     0.0279988     0.0295997     0.0189996     0.0177126     0.9679156
   192.0000000     0.5261767     0.3261883     0.0527755     0.0281791     0.0298246     0.0190215     0.0178342     0.9678989
   193.0000000     0.5244417     0.3271583     0.0529941     0.0283582     0.0300471     0.0190449     0.0179558     0.9678810
   194.0000000     0.5227426     0.3280940     0.0532132     0.0285360     0.0302671     0.0190698     0.0180772     0.9678619
   195.0000000     0.5210805     0.3289944     0.0534329     0.0287126     0.0304845     0.0190965     0.0181986     0.9678421
   196.0000000     0.5194560     0.3298589     0.0536530     0.0288879     0.0306993     0.0191248     0.0183199     0.9678215
   197.0000000     0.5178698     0.3306870     0.0538737     0.0290620     0.0309115     0.0191550     0.0184411     0.9678004
   198.0000000     0.5163221     0.3314782     0.0540948     0.0292348     0.0311208     0.0191870     0.0185622     0.9677789
   199.0000000     0.5148135     0.3322322     0.0543164     0.0294063     0.0313274     0.0192209     0.0186833     0.9677572
   200.0000000     0.5133442     0.3329485     0.0545385     0.0295766     0.0315312     0.0192567     0.0188043     0.9677352
   201.0000000     0.5119145     0.3336270     0.0547612     0.0297455     0.0317321     0.0192945     0.0189252     0.9677132
   202.0000000     0.5105248     0.3342671     0.0549844     0.0299131     0.0319302     0.0193343     0.0190461     0.9676911
   203.0000000     0.5091753     0.3348687     0.0552082     0.0300794     0.0321253     0.0193761     0.0191669     0.9676689
   204.0000000     0.5078664     0.3354314     0.0554327     0.0302445     0.0323174     0.0194200     0.0192877     0.9676466
   205.0000000     0.5065984     0.3359548     0.0556578     0.0304083     0.0325064     0.0194659     0.0194084     0.9676242
   206.0000000     0.5053717     0.3364386     0.0558835     0.0305708     0.0326924     0.0195138     0.0195291     0.9676015
   207.0000000     0.5041867     0.3368825     0.0561098     0.0307322     0.0328751     0.0195639     0.0196498     0.9675785
   208.0000000     0.5030438     0.3372860     0.0563368     0.0308924     0.0330547     0.0196160     0.0197704     0.9675548
   209.0000000     0.5019433     0.3376488     0.0565643     0.0310516     0.0332309     0.0196701     0.0198909     0.9675302
   210.0000000     0.5008857     0.3379707     0.0567923     0.0312099     0.0334038     0.0197263     0.0200114     0.9675043
   211.0000000     0.4998711     0.3382514     0.0570207     0.0313672     0.0335734     0.0197845     0.0201317     0.9674769
   212.0000000     0.4988998     0.3384907     0.0572495     0.0315238     0.0337394     0.0198447     0.0202521     0.9674474
   213.0000000     0.4979721     0.3386885     0.0574785     0.0316797     0.0339021     0.0199069     0.0203723     0.9674155
   214.0000000     0.4970880     0.3388446     0.0577077     0.0318350     0.0340613     0.0199710     0.0204924     0.9673807
   215.0000000     0.4962476     0.3389591     0.0579370     0.0319898     0.0342170     0.0200370     0.0206125     0.9673425
   216.0000000     0.4954506     0.3390320     0.0581664     0.0321443     0.0343693     0.0201050     0.0207324     0.9673006
   217.0000000     0.4946969     0.3390636     0.0583958     0.0322985     0.0345181     0.0201747     0.0208523     0.9672543
   218.0000000     0.4939862     0.3390539     0.0586252     0.0324525     0.0346637     0.0202463     0.0209722     0.9672034
   219.0000000     0.4933179     0.3390036     0.0588545     0.0326064     0.0348059     0.0203197     0.0210920     0.9671474
   220.0000000     0.4926915     0.3389129     0.0590837     0.0327603     0.0349449     0.0203948     0.0212119     0.9670858
   221.0000000     0.4921063     0.3387826     0.0593128     0.0329142     0.0350807     0.0204717     0.0213317     0.9670182
   222.0000000     0.4915612     0.3386134     0.0595419     0.0330681     0.0352136     0.0205502     0.0214517     0.9669442
   223.0000000     0.4910554     0.3384062     0.0597708     0.0332220     0.0353435     0.0206303     0.0215718     0.9668635
   224.0000000     0.4905876     0.3381619     0.0599996     0.0333761     0.0354706     0.0207121     0.0216921     0.9667755
   225.0000000     0.4901566     0.3378818     0.0602283     0.0335302     0.0355950     0.0207954     0.0218126     0.9666800
   226.0000000     0.4897610     0.3375671     0.0604568     0.0336844     0.0357168     0.0208803     0.0219334     0.9665766
   227.0000000     0.4893995     0.3372192     0.0606851     0.0338388     0.0358363     0.0209667     0.0220545     0.9664651
   228.0000000     0.4890704     0.3368393     0.0609132     0.0339932     0.0359535     0.0210545     0.0221758     0.9663452
   229.0000000     0.4887724     0.3364291     0.0611410     0.0341477     0.0360685     0.0211438     0.0222976     0.9662169
   230.0000000     0.4885037     0.3359900     0.0613684     0.0343022     0.0361816     0.0212345     0.0224196     0.9660804
   231.0000000     0.4882630     0.3355237     0.0615953     0.0344568     0.0362928     0.0213265     0.0225420     0.9659357
   232.0000000     0.4880487     0.3350315     0.0618217     0.0346114     0.0364022     0.0214198     0.0226646     0.9657835
   233.0000000     0.4878594     0.3345150     0.0620475     0.0347661     0.0365100     0.0215144     0.0227875     0.9656244
   234.0000000     0.4876939     0.3339758     0.0622725     0.0349207     0.0366162     0.0216103     0.0229106     0.9654592
   235.0000000     0.4875508     0.3334152     0.0624967     0.0350753     0.0367209     0.0217074     0.0230337     0.9652892
   236.0000000     0.4874291     0.3328345     0.0627198     0.0352298     0.0368241     0.0218056     0.0231569     0.9651157
   237.0000000     0.4873278     0.3322352     0.0629418     0.0353842     0.0369260     0.0219050     0.0232800     0.9649402
   238.0000000     0.4872459     0.3316184     0.0631624     0.0355385     0.0370264     0.0220054     0.0234030     0.9647646
   239.0000000     0.4871826     0.3309852     0.0633817     0.0356926     0.0371254     0.0221069     0.0235256     0.9645906
   240.0000000     0.4871372     0.3303369     0.0635993     0.0358465     0.0372229     0.0222094     0.0236478     0.9644203
   241.0000000     0.4871089     0.3296743     0.0638153     0.0360002     0.0373189     0.0223128     0.0237695     0.9642556
   242.0000000     0.4870971     0.3289986     0.0640295     0.0361537     0.0374134     0.0224171     0.0238906     0.9640984
   243.0000000     0.4871011     0.3283106     0.0642418     0.0363070     0.0375062     0.0225222     0.0240110     0.9639505
   244.0000000     0.4871202     0.3276115     0.0644521     0.0364601     0.0375973     0.0226282     0.0241306     0.9638134
   245.0000000     0.4871536     0.3269021     0.0646604     0.0366130     0.0376866     0.0227349     0.0242494     0.9636886
   246.0000000     0.4872004     0.3261835     0.0648667     0.0367657     0.0377742     0.0228423     0.0243672     0.9635771
   247.0000000     0.4872598     0.3254567     0.0650709     0.0369182     0.0378599     0.0229503     0.0244841     0.9634794
   248.0000000     0.4873307     0.3247227     0.0652730     0.0370706     0.0379438     0.0230590     0.0246001     0.9633958
   249.0000000     0.4874120     0.3239827     0.0654731     0.0372229     0.0380259     0.0231682     0.0247152     0.9633262
   250.0000000     0.4875024     0.3232376     0.0656712     0.0373752     0.0381062     0.0232778     0.0248295     0.9632699
   251.0000000     0.4876007     0.3224888     0.0658673     0.0375275     0.0381849     0.0233879     0.0249430     0.9632261
   252.0000000     0.4877053     0.3217373     0.0660616     0.0376798     0.0382619     0.0234983     0.0250558     0.9631936
   253.0000000     0.4878148     0.3209845     0.0662542     0.0378322     0.0383374     0.0236089     0.0251681     0.9631707
   254.0000000     0.4879276     0.3202313     0.0664451     0.0379848     0.0384116     0.0237196     0.0252799     0.9631559
   255.0000000     0.4880422     0.3194792     0.0666346     0.0381377     0.0384846     0.0238303     0.0253914     0.9631473
   256.0000000     0.4881570     0.3187293     0.0668227     0.0382908     0.0385566     0.0239408     0.0255028     0.9631432
   257.0000000     0.4882704     0.3179828     0.0670096     0.0384444     0.0386277     0.0240511     0.0256140     0.9631419
   258.0000000     0.4883808     0.3172407     0.0671956     0.0385985     0.0386981     0.0241610     0.0257253     0.9631417
   259.0000000     0.4884867     0.3165044     0.0673807     0.0387531     0.0387680     0.0242704     0.0258368     0.9631413
   260.0000000     0.4885867     0.3157748     0.0675650     0.0389085     0.0388374     0.0243791     0.0259485     0.9631396
   261.0000000     0.4886795     0.3150529     0.0677489     0.0390646     0.0389067     0.0244871     0.0260604     0.9631355
   262.0000000     0.4887637     0.3143398     0.0679323     0.0392215     0.0389758     0.0245941     0.0261728     0.9631285
   263.0000000     0.4888382     0.3136363     0.0681154     0.0393794     0.0390448     0.0247003     0.0262856     0.9631182
   264.0000000     0.4889019     0.3129432     0.0682984     0.0395384     0.0391140     0.0248053     0.0263988     0.9631044
   265.0000000     0.4889538     0.3122614     0.0684814     0.0396984     0.0391833     0.0249093     0.0265125     0.9630871
   266.0000000     0.4889929     0.3115916     0.0686644     0.0398596     0.0392528     0.0250121     0.0266266     0.9630663
   267.0000000     0.4890184     0.3109345     0.0688476     0.0400219     0.0393226     0.0251137     0.0267413     0.9630424
   268.0000000     0.4890295     0.3102907     0.0690310     0.0401855     0.0393928     0.0252140     0.0268565     0.9630156
   269.0000000     0.4890254     0.3096610     0.0692146     0.0403503     0.0394633     0.0253131     0.0269722     0.9629863
   270.0000000     0.4890057     0.3090459     0.0693986     0.0405163     0.0395343     0.0254109     0.0270884     0.9629548
   271.0000000     0.4889696     0.3084459     0.0695830     0.0406833     0.0396057     0.0255075     0.0272050     0.9629217
   272.0000000     0.4889167     0.3078617     0.0697677     0.0408514     0.0396776     0.0256028     0.0273220     0.9628872
   273.0000000     0.4888466     0.3072939     0.0699528     0.0410203     0.0397501     0.0256969     0.0274394     0.9628519
   274.0000000     0.4887590     0.3067428     0.0701382     0.0411900     0.0398231     0.0257898     0.0275572     0.9628161
   275.0000000     0.4886536     0.3062091     0.0703238     0.0413602     0.0398967     0.0258814     0.0276752     0.9627806
   276.0000000     0.4885303     0.3056932     0.0705096     0.0415307     0.0399709     0.0259719     0.0277934     0.9627459
   277.0000000     0.4883890     0.3051954     0.0706956     0.0417014     0.0400457     0.0260613     0.0279117     0.9627126
   278.0000000     0.4882297     0.3047161     0.0708815     0.0418719     0.0401212     0.0261495     0.0280300     0.9626815
   279.0000000     0.4880525     0.3042556     0.0710673     0.0420421     0.0401975     0.0262367     0.0281482     0.9626532
   280.0000000     0.4878574     0.3038142     0.0712530     0.0422118     0.0402745     0.0263229     0.0282664     0.9626287
   281.0000000     0.4876445     0.3033919     0.0714384     0.0423806     0.0403522     0.0264080     0.0283842     0.9626086
   282.0000000     0.4874142     0.3029890     0.0716234     0.0425485     0.0404308     0.0264922     0.0285019     0.9625935
   283.0000000     0.4871664     0.3026053     0.0718081     0.0427153     0.0405103     0.0265755     0.0286192     0.9625841
   284.0000000     0.4869015     0.3022408     0.0719924     0.0428807     0.0405906     0.0266578     0.0287362     0.9625808
   285.0000000     0.4866196     0.3018954     0.0721763     0.0430448     0.0406719     0.0267393     0.0288528     0.9625839
   286.0000000     0.4863210     0.3015688     0.0723598     0.0432074     0.0407540     0.0268199     0.0289691     0.9625935
   287.0000000     0.4860059     0.3012607     0.0725429     0.0433685     0.0408371     0.0268997     0.0290852     0.9626094
   288.0000000     0.4856746     0.3009707     0.0727257     0.0435281     0.0409212     0.0269786     0.0292011     0.9626314
   289.0000000     0.4853274     0.3006983     0.0729083     0.0436862     0.0410062     0.0270567     0.0293168     0.9626590
   290.0000000     0.4849647     0.3004430     0.0730907     0.0438429     0.0410922     0.0271340     0.0294324     0.9626914
   291.0000000     0.4845868     0.3002040     0.0732731     0.0439983     0.0411792     0.0272104     0.0295481     0.9627278
   292.0000000     0.4841943     0.2999807     0.0734555     0.0441524     0.0412673     0.0272860     0.0296639     0.9627673
   293.0000000     0.4837875     0.2997721     0.0736379     0.0443054     0.0413563     0.0273608     0.0297799     0.9628088
   294.0000000     0.4833672     0.2995775     0.0738206     0.0444574     0.0414465     0.0274347     0.0298962     0.9628513
   295.0000000     0.4829339     0.2993958     0.0740035     0.0446086     0.0415378     0.0275077     0.0300127     0.9628938
   296.0000000     0.4824882     0.2992262     0.0741868     0.0447590     0.0416303     0.0275798     0.0301297     0.9629352
   297.0000000     0.4820309     0.2990677     0.0743706     0.0449087     0.0417240     0.0276510     0.0302471     0.9629749
   298.0000000     0.4815625     0.2989193     0.0745550     0.0450580     0.0418190     0.0277212     0.0303650     0.9630119
   299.0000000     0.4810839     0.2987800     0.0747400     0.0452068     0.0419155     0.0277905     0.0304834     0.9630457
   300.0000000     0.4805955     0.2986492     0.0749257     0.0453553     0.0420133     0.0278587     0.0306022     0.9630760
   301.0000000     0.4800979     0.2985259     0.0751122     0.0455036     0.0421127     0.0279260     0.0307216     0.9631024
   302.0000000     0.4795916     0.2984096     0.0752996     0.0456517     0.0422137     0.0279923     0.0308415     0.9631248
   303.0000000     0.4790770     0.2982998     0.0754879     0.0457998     0.0423163     0.0280575     0.0309618     0.9631434
   304.0000000     0.4785544     0.2981960     0.0756770     0.0459477     0.0424206     0.0281216     0.0310826     0.9631582
   305.0000000     0.4780240     0.2980981     0.0758672     0.0460956     0.0425266     0.0281847     0.0312038     0.9631697
   306.0000000     0.4774860     0.2980058     0.0760582     0.0462434     0.0426344     0.0282468     0.0313254     0.9631783
   307.0000000     0.4769406     0.2979192     0.0762501     0.0463913     0.0427438     0.0283078     0.0314473     0.9631846
   308.0000000     0.4763878     0.2978382     0.0764428     0.0465391     0.0428548     0.0283678     0.0315694     0.9631890
   309.0000000     0.4758278     0.2977631     0.0766363     0.0466869     0.0429675     0.0284268     0.0316917     0.9631924
   310.0000000     0.4752607     0.2976939     0.0768303     0.0468347     0.0430817     0.0284848     0.0318139     0.9631952
   311.0000000     0.4746866     0.2976307     0.0770248     0.0469824     0.0431974     0.0285420     0.0319360     0.9631982
   312.0000000     0.4741058     0.2975738     0.0772197     0.0471301     0.0433144     0.0285983     0.0320579     0.9632018
   313.0000000     0.4735185     0.2975232     0.0774147     0.0472778     0.0434327     0.0286538     0.0321794     0.9632068
